50 0 105
0 1 5
0 10 8
1 2 4
1 11 6
2 3 7
2 12 5
3 4 3
3 13 8
4 5 6
4 14 4
5 6 5
5 15 9
6 7 4
6 16 7
7 8 8
7 17 5
8 9 6
8 18 3
9 19 7
10 11 4
10 20 6
11 12 7
11 21 5
12 13 3
12 22 8
13 14 6
13 23 4
14 15 5
14 24 9
15 16 4
15 25 7
16 17 8
16 26 5
17 18 6
17 27 3
18 19 7
18 28 4
19 29 8
20 21 5
20 30 7
21 22 4
21 31 6
22 23 8
22 32 5
23 24 3
23 33 9
24 25 6
24 34 4
25 26 5
25 35 7
26 27 8
26 36 5
27 28 6
27 37 3
28 29 7
28 38 4
29 39 8
30 31 4
30 40 6
31 32 7
31 41 5
32 33 3
32 42 8
33 34 6
33 43 4
34 35 5
34 44 9
35 36 4
35 45 7
36 37 8
36 46 5
37 38 6
37 47 3
38 39 7
38 48 4
39 49 8
40 41 5
41 42 4
42 43 8
43 44 3
44 45 6
45 46 5
46 47 7
47 48 4
48 49 6
0 11 12
5 16 10
10 21 11
15 26 14
20 31 9
25 36 13
30 41 10
35 46 12
4 13 15
9 18 11
14 23 10
19 28 13
24 33 12
29 38 14
34 43 11
39 48 10